30103763
30103783
30103764
30103784
30153387
30153390
30075666
30085585
30207280
30207296
30006292
30085383
30207263
30207269
30006310
30085384
30207264
30207282
30006263
30085382
30207262
30207281
30075665
30085520
30207279
30207295
30195989
30196004
30213649
30213647
30212324
30212322
30212339
30103766
30103786
30103791
30125651
30240405
30240372
30240373
30240406
30216274
30113706
30213093
30113698
30113703
30216419
30216290
30217412
30216408
30216414
30216424
30234507
30234508
30234509
30212354
30200467
30200468
30200342
30173411